1, 1.0, 1.0
2, 1.0, 2.0
3, 1.3333333333333333, 2.0
4, 1.5, 2.25
5, 2.0, 1.0
6, 2.1666666666666665, 2.3333333333333335
7, 1.5714285714285714, 3.142857142857143
8, 1.375, 4.25
9, 2.6666666666666665, 3.7777777777777777
10, 3.0, 2.9
11, 2.272727272727273, 3.727272727272727
12, 3.3333333333333335, 2.25
13, 2.3846153846153846, 4.461538461538462
14, 2.0, 5.357142857142857
15, 3.0, 5.0
16, 2.125, 6.5
17, 2.6470588235294117, 6.352941176470588
18, 3.5555555555555554, 4.722222222222222
19, 2.6842105263157894, 7.2631578947368425
20, 3.3, 6.15
21, 4.714285714285714, 4.9523809523809526
22, 2.227272727272727, 7.2272727272727275
23, 2.4347826086956523, 7.913043478260869
24, 2.875, 6.666666666666667
25, 3.36, 6.72
26, 2.8846153846153846, 7.923076923076923
27, 2.7777777777777777, 10.037037037037036
28, 3.5, 8.464285714285714
29, 3.413793103448276, 6.931034482758621
30, 4.3, 6.7
31, 2.6774193548387095, 10.32258064516129
32, 4.09375, 6.75
33, 2.909090909090909, 6.454545454545454
34, 3.264705882352941, 8.029411764705882
35, 3.3142857142857145, 11.457142857142857
36, 3.611111111111111, 6.333333333333333
37, 4.162162162162162, 9.891891891891891
38, 3.289473684210526, 11.105263157894736
39, 3.641025641025641, 10.435897435897436
40, 5.2, 9.075
41, 4.073170731707317, 9.536585365853659
42, 3.8095238095238093, 8.928571428571429
43, 3.883720930232558, 10.906976744186046
44, 4.909090909090909, 6.545454545454546
45, 2.6444444444444444, 14.71111111111111
46, 4.739130434782608, 8.021739130434783
47, 5.191489361702128, 10.48936170212766
48, 4.458333333333333, 9.5
49, 2.7755102040816326, 12.244897959183673
50, 3.06, 15.3
51, 4.627450980392157, 10.392156862745098
52, 2.7884615384615383, 13.461538461538462
53, 4.113207547169812, 11.867924528301886
54, 4.888888888888889, 9.148148148148149
55, 3.2363636363636363, 15.10909090909091
56, 4.285714285714286, 13.625
57, 4.280701754385965, 12.140350877192983
58, 6.224137931034483, 8.96551724137931
59, 3.542372881355932, 14.94915254237288
60, 4.166666666666667, 13.1
61, 4.885245901639344, 11.573770491803279
62, 5.016129032258065, 11.209677419354838
63, 3.5714285714285716, 16.80952380952381
64, 6.171875, 10.953125
65, 6.138461538461539, 10.953846153846154
66, 3.9696969696969697, 16.757575757575758
67, 5.686567164179104, 12.283582089552239
68, 4.779411764705882, 14.661764705882353
69, 3.8260869565217392, 17.840579710144926
70, 2.642857142857143, 24.385714285714286
71, 3.7746478873239435, 20.183098591549296
72, 5.930555555555555, 10.305555555555555
73, 4.219178082191781, 13.657534246575343
74, 6.121621621621622, 14.243243243243244
75, 4.0, 18.12
76, 6.171052631578948, 13.776315789473685
77, 4.35064935064935, 15.376623376623376
78, 3.3333333333333335, 20.384615384615383
79, 6.1265822784810124, 15.316455696202532
80, 3.825, 16.8
81, 4.481481481481482, 18.061728395061728
82, 7.451219512195122, 11.414634146341463
83, 5.144578313253012, 18.180722891566266
84, 4.630952380952381, 16.61904761904762
85, 4.352941176470588, 16.976470588235294
86, 4.77906976744186, 18.8953488372093
87, 3.6666666666666665, 22.28735632183908
88, 4.056818181818182, 19.420454545454547
89, 4.584269662921348, 15.955056179775282
90, 6.511111111111111, 17.444444444444443
91, 4.4945054945054945, 20.714285714285715
92, 4.195652173913044, 19.445652173913043
93, 5.279569892473118, 17.537634408602152
94, 4.223404255319149, 24.351063829787233
95, 4.7894736842105265, 18.66315789473684
96, 4.208333333333333, 23.802083333333332
97, 3.948453608247423, 21.195876288659793
98, 4.204081632653061, 21.612244897959183
99, 6.696969696969697, 14.373737373737374
100, 4.2, 21.53
101, 4.6138613861386135, 20.88118811881188
102, 5.303921568627451, 19.5
103, 4.165048543689321, 24.009708737864077
104, 3.826923076923077, 25.23076923076923
105, 4.580952380952381, 22.771428571428572
106, 4.283018867924528, 20.952830188679247
107, 6.196261682242991, 17.64485981308411
108, 3.8981481481481484, 25.14814814814815
109, 5.0, 22.559633027522935
110, 4.636363636363637, 22.318181818181817
111, 3.5495495495495497, 30.72072072072072
112, 4.3125, 23.642857142857142
113, 5.017699115044247, 21.221238938053098
114, 3.8684210526315788, 29.74561403508772
115, 5.608695652173913, 21.617391304347827
116, 5.698275862068965, 21.974137931034484
117, 4.333333333333333, 26.5982905982906
118, 5.661016949152542, 16.296610169491526
119, 4.697478991596639, 19.294117647058822
120, 5.791666666666667, 20.725
121, 7.636363636363637, 15.694214876033058
122, 6.434426229508197, 21.950819672131146
123, 6.162601626016261, 20.869918699186993
124, 5.032258064516129, 21.258064516129032
125, 3.856, 31.936
126, 5.333333333333333, 27.396825396825395
127, 4.188976377952756, 26.763779527559056
128, 6.9375, 20.0234375
129, 5.666666666666667, 21.899224806201552
130, 5.507692307692308, 20.615384615384617
131, 7.6106870229007635, 16.778625954198475
132, 4.325757575757576, 29.71212121212121
133, 9.0, 13.909774436090226
134, 4.835820895522388, 26.08955223880597
135, 8.733333333333333, 16.08888888888889
136, 4.242647058823529, 30.926470588235293
137, 5.430656934306569, 26.802919708029197
138, 6.173913043478261, 22.804347826086957
139, 3.553956834532374, 31.841726618705035
140, 4.685714285714286, 28.442857142857143
141, 4.078014184397163, 34.3758865248227
142, 4.915492957746479, 27.035211267605632
143, 5.5174825174825175, 25.636363636363637
144, 4.680555555555555, 29.194444444444443
145, 5.303448275862069, 29.70344827586207
146, 7.993150684931507, 16.904109589041095
147, 5.775510204081633, 26.17687074829932
148, 4.3175675675675675, 35.027027027027025
149, 4.228187919463087, 31.241610738255034
150, 3.68, 39.34
151, 3.8874172185430464, 38.94701986754967
152, 5.2894736842105265, 27.74342105263158
153, 4.810457516339869, 28.15032679738562
154, 3.779220779220779, 40.26623376623377
155, 6.754838709677419, 22.593548387096774
156, 4.9423076923076925, 27.576923076923077
157, 5.114649681528663, 27.8343949044586
158, 6.569620253164557, 22.67721518987342
159, 5.238993710691824, 27.641509433962263
160, 4.4125, 32.30625
161, 6.291925465838509, 24.322981366459626
162, 6.166666666666667, 27.14814814814815
163, 7.0, 27.104294478527606
164, 5.591463414634147, 30.73170731707317
165, 4.515151515151516, 32.49090909090909
166, 4.066265060240964, 38.45180722891566
167, 4.958083832335329, 31.67065868263473
168, 4.505952380952381, 34.67857142857143
169, 5.420118343195266, 30.71005917159763
170, 7.482352941176471, 23.32941176470588
171, 5.87719298245614, 29.900584795321638
172, 4.738372093023256, 34.76744186046512
173, 6.196531791907514, 29.514450867052023
174, 5.482758620689655, 29.833333333333332
175, 5.605714285714286, 32.02285714285714
176, 5.482954545454546, 33.85227272727273
177, 4.2824858757062145, 38.932203389830505
178, 5.803370786516854, 29.241573033707866
179, 6.374301675977653, 30.69832402234637
180, 4.211111111111111, 44.31666666666667
181, 3.955801104972376, 45.67955801104972
182, 7.357142857142857, 24.763736263736263
183, 6.961748633879782, 24.87431693989071
184, 4.570652173913044, 39.14673913043478
185, 6.264864864864865, 28.410810810810812
186, 5.209677419354839, 32.774193548387096
187, 6.101604278074866, 31.406417112299465
188, 5.090425531914893, 34.47872340425532
189, 5.275132275132275, 37.20634920634921
190, 4.3052631578947365, 42.357894736842105
191, 4.9109947643979055, 37.47643979057592
192, 5.973958333333333, 29.182291666666668
193, 4.922279792746114, 35.233160621761655
194, 5.139175257731959, 34.51030927835052
195, 3.8153846153846156, 49.77948717948718
196, 4.938775510204081, 39.744897959183675
197, 4.6091370558375635, 41.55329949238579
198, 7.878787878787879, 26.373737373737374
199, 4.934673366834171, 36.63316582914573
200, 5.22, 32.685
201, 7.9054726368159205, 28.865671641791046
202, 5.737623762376238, 31.475247524752476
203, 6.039408866995074, 33.1576354679803
204, 5.568627450980392, 34.6764705882353
205, 6.082926829268293, 32.15609756097561
206, 4.470873786407767, 43.179611650485434
207, 4.671497584541063, 40.86473429951691
208, 4.355769230769231, 45.49519230769231
209, 5.660287081339713, 35.311004784689
210, 5.904761904761905, 34.31428571428572
211, 7.597156398104265, 30.90521327014218
212, 6.367924528301887, 34.0
213, 3.5258215962441315, 54.66197183098591
214, 5.719626168224299, 33.504672897196265
215, 8.097674418604651, 25.641860465116277
216, 4.185185185185185, 48.9537037037037
217, 7.778801843317972, 29.474654377880185
218, 8.527522935779816, 25.71559633027523
219, 6.063926940639269, 34.51598173515982
220, 4.918181818181818, 44.02272727272727
221, 4.868778280542986, 44.83257918552036
222, 6.292792792792793, 34.2972972972973
223, 4.645739910313901, 43.89686098654708
224, 4.870535714285714, 45.691964285714285
225, 5.471111111111111, 40.14666666666667
226, 4.734513274336283, 52.06637168141593
227, 7.546255506607929, 30.123348017621144
228, 4.416666666666667, 46.9078947368421
229, 5.759825327510917, 42.419213973799124
230, 6.291304347826087, 38.15217391304348
231, 7.3896103896103895, 28.19047619047619
232, 6.780172413793103, 32.88793103448276
233, 5.944206008583691, 40.141630901287556
234, 6.282051282051282, 37.457264957264954
235, 5.663829787234042, 33.97021276595745
236, 3.7838983050847457, 52.73728813559322
237, 4.928270042194093, 47.73839662447257
238, 7.714285714285714, 31.19327731092437
239, 6.397489539748954, 39.05020920502092
240, 5.391666666666667, 43.22083333333333
241, 5.174273858921162, 46.36929460580913
242, 7.231404958677686, 35.85537190082645
243, 5.390946502057613, 40.584362139917694
244, 7.688524590163935, 31.889344262295083
245, 6.453061224489796, 42.23265306122449
246, 5.142276422764228, 44.829268292682926
247, 7.016194331983805, 34.611336032388664
248, 6.995967741935484, 36.24193548387097
249, 6.734939759036145, 34.83935742971887
250, 7.488, 35.004
251, 5.366533864541832, 46.199203187250994
252, 5.567460317460317, 47.65079365079365
253, 6.1936758893280635, 41.83794466403162
254, 6.582677165354331, 38.74803149606299
255, 7.086274509803921, 35.67058823529412
256, 4.84375, 54.63671875
257, 7.80544747081712, 32.59143968871595
258, 7.62015503875969, 36.689922480620154
259, 6.652509652509653, 35.351351351351354
260, 7.223076923076923, 32.503846153846155
261, 5.371647509578544, 50.23754789272031
262, 5.541984732824427, 46.19465648854962
263, 5.6311787072243344, 47.78326996197718
264, 5.5606060606060606, 45.15151515151515
265, 5.256603773584906, 43.76981132075472
266, 4.860902255639098, 61.68421052631579
267, 5.209737827715355, 50.153558052434455
268, 6.492537313432836, 43.61194029850746
269, 6.691449814126394, 40.71747211895911
270, 6.881481481481481, 38.75925925925926
271, 5.7380073800738005, 47.28782287822878
272, 4.834558823529412, 56.544117647058826
273, 8.498168498168498, 31.21245421245421
274, 5.510948905109489, 47.9014598540146
275, 8.043636363636363, 35.974545454545456
276, 5.5398550724637685, 46.96376811594203
277, 6.750902527075812, 45.42599277978339
278, 5.374100719424461, 50.84172661870504
279, 6.333333333333333, 37.7921146953405
280, 5.439285714285714, 52.95357142857143
281, 6.903914590747331, 36.05693950177936
282, 7.223404255319149, 37.0354609929078
283, 5.597173144876325, 53.57597173144876
284, 7.933098591549296, 34.33450704225352
285, 4.617543859649123, 64.12631578947368
286, 4.870629370629371, 59.65384615384615
287, 6.125435540069686, 48.99651567944251
288, 6.038194444444445, 50.40277777777778
289, 5.920415224913495, 49.567474048442904
290, 4.944827586206896, 53.741379310344826
291, 5.879725085910653, 48.67353951890034
292, 7.136986301369863, 44.26027397260274
293, 5.293515358361775, 54.0
294, 5.989795918367347, 50.697278911564624
295, 10.803389830508475, 28.586440677966102
296, 6.537162162162162, 44.61824324324324
297, 5.720538720538721, 53.2962962962963
298, 5.936241610738255, 53.986577181208055
299, 7.3879598662207355, 36.53511705685619
300, 7.39, 39.06666666666667
301, 7.2724252491694354, 38.372093023255815
302, 6.460264900662252, 43.629139072847686
303, 5.877887788778878, 50.37293729372937
304, 8.019736842105264, 34.9375
305, 5.737704918032787, 50.34098360655738
306, 6.3431372549019605, 47.72875816993464
307, 5.82084690553746, 51.56026058631922
308, 4.3311688311688314, 65.79220779220779
309, 4.563106796116505, 63.288025889967635
310, 6.754838709677419, 44.92580645161291
311, 4.909967845659164, 66.06752411575563
312, 6.028846153846154, 54.30128205128205
313, 5.881789137380192, 53.808306709265175
314, 5.60828025477707, 53.27388535031847
315, 5.758730158730159, 46.231746031746034
316, 7.205696202531645, 43.66772151898734
317, 5.779179810725552, 55.61514195583596
318, 8.981132075471699, 36.899371069182386
319, 5.241379310344827, 64.63949843260188
320, 6.203125, 46.053125
321, 5.38006230529595, 57.573208722741434
322, 4.6894409937888195, 66.22670807453416
323, 5.6687306501547985, 55.0092879256966
324, 4.901234567901234, 65.26851851851852
325, 6.489230769230769, 49.135384615384616
326, 6.03680981595092, 52.16257668711656
327, 5.666666666666667, 61.14678899082569
328, 5.097560975609756, 64.6951219512195
329, 5.677811550151976, 53.74164133738602
330, 9.975757575757576, 34.472727272727276
331, 5.175226586102719, 65.1963746223565
332, 7.295180722891566, 46.63253012048193
333, 5.951951951951952, 54.35735735735736
334, 5.976047904191617, 56.02395209580838
335, 4.570149253731343, 65.77014925373135
336, 7.714285714285714, 44.00297619047619
337, 6.169139465875371, 58.759643916913944
338, 5.452662721893491, 61.88165680473373
339, 6.3097345132743365, 51.793510324483776
340, 4.870588235294117, 70.85
341, 5.92375366568915, 56.98533724340176
342, 4.804093567251462, 70.94444444444444
343, 6.705539358600583, 50.714285714285715
344, 7.270348837209302, 50.19476744186046
345, 5.649275362318841, 59.472463768115944
346, 5.488439306358382, 61.872832369942195
347, 6.501440922190202, 55.36023054755043
348, 6.112068965517241, 56.51149425287356
349, 5.289398280802292, 67.31805157593124
350, 6.037142857142857, 59.61714285714286
351, 4.404558404558404, 76.37321937321937
352, 5.8835227272727275, 57.58522727272727
353, 5.104815864022663, 66.13881019830028
354, 5.228813559322034, 67.73728813559322
355, 6.030985915492958, 58.75774647887324
356, 7.544943820224719, 50.00561797752809
357, 6.42296918767507, 48.212885154061624
358, 5.5027932960893855, 56.614525139664806
359, 7.259052924791086, 51.760445682451255
360, 7.572222222222222, 45.977777777777774
361, 6.2770083102493075, 52.5595567867036
362, 8.058011049723756, 44.25966850828729
363, 6.898071625344353, 52.035812672176306
364, 6.634615384615385, 56.7967032967033
365, 8.186301369863013, 45.56164383561644
366, 5.396174863387978, 62.60928961748634
367, 8.365122615803815, 44.735694822888284
368, 5.850543478260869, 60.29891304347826
369, 5.40650406504065, 61.68563685636856
370, 8.056756756756757, 47.475675675675674
371, 8.53099730458221, 44.757412398921836
372, 6.212365591397849, 61.16935483870968
373, 5.399463806970509, 66.72922252010724
374, 7.526737967914438, 53.4331550802139
375, 6.704, 53.984
376, 5.36968085106383, 66.54521276595744
377, 5.904509283819628, 66.88859416445624
378, 4.550264550264551, 74.66137566137566
379, 8.62796833773087, 44.27968337730871
380, 4.4447368421052635, 80.01578947368421
381, 5.8713910761154855, 57.92913385826772
382, 6.450261780104712, 58.35602094240838
383, 6.057441253263708, 64.70757180156657
384, 6.481770833333333, 63.471354166666664
385, 8.537662337662338, 45.67012987012987
386, 6.77979274611399, 53.66580310880829
387, 4.989664082687338, 82.83979328165374
388, 6.646907216494846, 58.19072164948454
389, 8.041131105398458, 50.02827763496144
390, 7.217948717948718, 55.52307692307692
391, 6.107416879795396, 65.62148337595907
392, 5.905612244897959, 71.70408163265306
393, 6.880407124681934, 57.48346055979644
394, 5.7360406091370555, 67.20304568527919
395, 5.949367088607595, 68.54683544303798
396, 6.757575757575758, 58.111111111111114
397, 6.0982367758186395, 63.848866498740556
398, 6.293969849246231, 59.69346733668342
399, 4.804511278195489, 85.48872180451127
400, 5.69, 69.8575
401, 6.795511221945137, 58.763092269326684
402, 7.159203980099503, 55.266169154228855
403, 6.228287841191067, 62.7468982630273
404, 6.185643564356436, 59.586633663366335
405, 6.733333333333333, 61.669135802469135
406, 7.694581280788177, 47.86699507389162
407, 6.113022113022113, 70.46191646191646
408, 8.855392156862745, 45.97549019607843
409, 5.0733496332518335, 77.00733496332518
410, 5.851219512195122, 72.10731707317073
411, 5.35279805352798, 72.97323600973236
412, 5.706310679611651, 73.77427184466019
413, 9.239709443099274, 44.83050847457627
414, 6.835748792270532, 58.690821256038646
415, 5.7373493975903616, 68.13734939759036
416, 7.865384615384615, 49.3125
417, 4.398081534772182, 89.26858513189448
418, 5.2990430622009566, 70.60287081339713
419, 6.5608591885441525, 58.41288782816229
420, 8.157142857142857, 51.7
421, 4.323040380047506, 93.94774346793349
422, 7.914691943127962, 53.492890995260666
423, 9.671394799054374, 41.851063829787236
424, 7.872641509433962, 57.096698113207545
425, 7.538823529411765, 53.60941176470588
426, 7.305164319248826, 55.96948356807512
427, 8.131147540983607, 52.039812646370024
428, 4.647196261682243, 93.09813084112149
429, 4.874125874125874, 88.62470862470863
430, 5.525581395348837, 66.84418604651162
431, 5.6055684454756385, 75.96751740139212
432, 6.590277777777778, 65.95833333333333
433, 7.854503464203233, 59.00230946882217
434, 8.129032258064516, 53.22119815668203
435, 6.777011494252873, 61.61609195402299
436, 5.172018348623853, 80.17201834862385
437, 7.663615560640732, 57.82379862700229
438, 7.728310502283105, 55.678082191780824
439, 6.592255125284738, 63.36674259681094
440, 7.1022727272727275, 64.61136363636363
441, 6.3560090702947845, 69.30839002267574
442, 7.683257918552036, 55.09502262443439
443, 5.45823927765237, 76.81038374717834
444, 5.576576576576577, 75.96171171171171
445, 6.269662921348314, 74.78202247191011
446, 5.807174887892376, 79.28699551569507
447, 6.5369127516778525, 70.3937360178971
448, 5.745535714285714, 72.54241071428571
449, 6.919821826280623, 67.33407572383074
450, 6.162222222222222, 71.26
451, 8.314855875831485, 54.68070953436807
452, 5.893805309734513, 71.70353982300885
453, 5.589403973509934, 74.23841059602648
454, 5.605726872246696, 76.31718061674009
455, 6.195604395604396, 74.4989010989011
456, 5.2894736842105265, 89.27631578947368
457, 5.715536105032823, 81.68490153172867
458, 6.3406113537117905, 71.77510917030568
459, 7.32244008714597, 58.854030501089326
460, 5.75, 77.30869565217391
461, 7.106290672451193, 62.5531453362256
462, 6.0021645021645025, 77.37012987012987
463, 5.652267818574514, 81.46652267818574
464, 5.594827586206897, 77.51939655172414
465, 4.698924731182796, 95.35483870967742
466, 8.012875536480687, 65.05793991416309
467, 7.54389721627409, 60.805139186295506
468, 6.365384615384615, 68.13034188034187
469, 5.889125799573561, 82.17910447761194
470, 5.812765957446809, 80.17446808510638
471, 9.140127388535031, 54.76008492569002
472, 5.2775423728813555, 89.24152542372882
473, 7.310782241014799, 65.57928118393235
474, 5.727848101265823, 79.0042194092827
475, 7.071578947368421, 66.41684210526316
476, 6.226890756302521, 70.21218487394958
477, 6.129979035639413, 76.16561844863732
478, 8.00418410041841, 57.7510460251046
479, 7.281837160751566, 67.68684759916492
480, 6.69375, 70.01458333333333
481, 4.775467775467775, 95.32224532224532
482, 6.564315352697095, 73.14107883817428
483, 8.693581780538302, 55.939958592132506
484, 6.836776859504132, 71.9090909090909
485, 7.45979381443299, 64.88865979381443
486, 5.695473251028806, 91.27366255144032
487, 7.314168377823409, 64.8952772073922
488, 11.567622950819672, 42.95696721311475
489, 6.2044989775051125, 79.10224948875256
490, 7.0653061224489795, 75.52244897959184
491, 5.633401221995927, 79.81466395112017
492, 8.5630081300813, 54.53455284552845
493, 5.162271805273834, 90.62068965517241
494, 6.196356275303644, 81.0080971659919
495, 6.373737373737374, 84.53131313131313
496, 5.715725806451613, 91.125
497, 5.303822937625754, 89.64788732394366
498, 5.5602409638554215, 88.27309236947791
499, 5.236472945891784, 89.07014028056112
500, 6.784, 72.336
501, 7.137724550898204, 72.56087824351297
502, 6.972111553784861, 72.06573705179282
503, 8.578528827037774, 59.50695825049702
504, 5.908730158730159, 91.08730158730158
505, 6.637623762376237, 76.43168316831684
506, 7.187747035573122, 65.88735177865613
507, 7.800788954635109, 63.95069033530572
508, 6.5236220472440944, 76.2992125984252
509, 6.534381139489194, 81.77996070726915
510, 6.356862745098039, 77.59019607843138
511, 4.765166340508806, 98.4774951076321
512, 6.583984375, 76.62890625
513, 7.4035087719298245, 65.1832358674464
514, 8.194552529182879, 65.85019455252919
515, 7.889320388349515, 64.36116504854368
516, 6.941860465116279, 72.18023255813954
517, 6.029013539651838, 84.58027079303675
518, 6.777992277992278, 77.61389961389962
519, 7.246628131021194, 75.57803468208093
520, 8.725, 60.29423076923077
521, 7.980806142034549, 62.09404990403071
522, 7.547892720306513, 69.67241379310344
523, 6.774378585086042, 77.97131931166348
524, 8.238549618320612, 64.19083969465649
525, 7.504761904761905, 66.33333333333333
526, 5.583650190114068, 94.50760456273764
527, 6.1347248576850095, 84.68121442125238
528, 5.731060606060606, 87.35227272727273
529, 9.468809073724007, 53.907372400756145
530, 7.756603773584906, 69.77924528301887
531, 7.0, 71.16007532956685
532, 6.171052631578948, 84.36466165413533
533, 7.050656660412758, 78.25515947467167
534, 6.01685393258427, 84.16479400749064
535, 7.237383177570093, 73.11588785046729
536, 6.442164179104478, 82.56716417910448
537, 6.301675977653631, 83.81564245810056
538, 6.598513011152416, 83.3996282527881
539, 5.335807050092765, 108.03896103896103
540, 7.211111111111111, 75.3425925925926
541, 6.262476894639557, 83.31238447319778
542, 5.597785977859779, 91.11623616236163
543, 7.307550644567219, 75.30939226519337
544, 7.362132352941177, 76.36213235294117
545, 7.444036697247706, 73.56146788990826
546, 8.538461538461538, 65.10989010989012
547, 5.767824497257769, 92.80438756855575
548, 6.271897810218978, 88.4014598540146
549, 7.029143897996357, 73.48269581056466
550, 5.761818181818182, 97.08545454545454
551, 5.212341197822141, 106.14519056261344
552, 7.382246376811594, 74.84601449275362
553, 6.023508137432188, 97.20072332730561
554, 6.187725631768953, 93.5
555, 8.747747747747749, 65.98918918918919
556, 5.2086330935251794, 102.56115107913669
557, 5.6050269299820465, 105.02154398563734
558, 5.32078853046595, 103.72759856630825
559, 5.4293381037567086, 100.08944543828265
560, 7.573214285714286, 74.04464285714286
561, 6.1301247771836005, 96.63279857397504
562, 6.279359430604982, 87.7135231316726
563, 6.4191829484902305, 84.39786856127887
564, 7.335106382978723, 81.44858156028369
565, 5.571681415929204, 99.04070796460176
566, 6.358657243816254, 89.34805653710248
567, 6.114638447971782, 94.37566137566138
568, 6.007042253521127, 88.21478873239437
569, 6.31634446397188, 85.05448154657293
570, 7.321052631578947, 77.12456140350878
571, 6.140105078809107, 90.82661996497373
572, 9.673076923076923, 61.39335664335665
573, 6.972076788830716, 79.90575916230367
574, 8.970383275261325, 63.97735191637631
575, 5.363478260869565, 99.08869565217391
576, 5.635416666666667, 107.21180555555556
577, 5.554592720970537, 102.91854419410745
578, 6.070934256055363, 89.9204152249135
579, 5.053540587219343, 109.78929188255613
580, 6.394827586206897, 91.99827586206897
581, 7.10671256454389, 82.44406196213426
582, 7.790378006872852, 79.24742268041237
583, 5.867924528301887, 96.55060034305318
584, 6.267123287671233, 92.1832191780822
585, 5.295726495726496, 98.31111111111112
586, 6.890784982935154, 84.40784982935153
587, 7.608177172061329, 81.17376490630323
588, 5.4727891156462585, 107.49829931972789
589, 11.896434634974533, 46.93887945670628
590, 6.8338983050847455, 81.92372881355932
591, 7.979695431472082, 71.71573604060913
592, 7.131756756756757, 82.59966216216216
593, 6.608768971332209, 89.52107925801012
594, 8.003367003367003, 74.45454545454545
595, 7.6420168067226895, 74.58319327731093
596, 9.192953020134228, 62.95134228187919
597, 7.355108877721943, 78.15577889447236
598, 7.6120401337792645, 79.58695652173913
599, 5.327212020033389, 106.1686143572621
600, 7.065, 84.54833333333333
601, 9.15973377703827, 70.44925124792013
602, 7.327242524916944, 80.52491694352159
603, 5.451077943615257, 114.27363184079601
604, 6.8658940397351, 94.41225165562913
605, 6.568595041322314, 91.89752066115703
606, 6.2161716171617165, 97.08580858085809
607, 9.255354200988467, 67.76276771004942
608, 7.162828947368421, 89.63980263157895
609, 7.188834154351396, 78.44170771756978
610, 7.7, 82.73934426229508
611, 8.400981996726678, 76.57774140752865
612, 5.643790849673203, 101.19281045751634
613, 5.6753670473083195, 109.50081566068515
614, 7.074918566775244, 90.32410423452768
615, 6.743089430894309, 87.07479674796748
616, 12.431818181818182, 48.51623376623377
617, 5.372771474878444, 109.63371150729336
618, 7.31715210355987, 84.5210355987055
619, 8.29886914378029, 74.83360258481422
620, 7.7064516129032254, 83.9258064516129
621, 6.059581320450886, 106.47665056360708
622, 6.681672025723473, 92.47266881028939
623, 6.232744783306581, 92.81701444622793
624, 5.2868589743589745, 122.73878205128206
625, 5.3664, 105.8864
626, 7.10223642172524, 88.21405750798722
627, 8.063795853269538, 71.50079744816587
628, 6.931528662420382, 94.78980891719745
629, 6.480127186009539, 97.11764705882354
630, 7.019047619047619, 88.1015873015873
631, 6.7781299524564185, 94.32012678288432
632, 6.4113924050632916, 94.15664556962025
633, 5.805687203791469, 106.63349131121643
634, 6.249211356466877, 100.33438485804416
635, 5.790551181102362, 110.8992125984252
636, 5.627358490566038, 110.19654088050315
637, 7.452119309262167, 83.50863422291994
638, 7.025078369905956, 93.48119122257053
639, 7.527386541471048, 85.08607198748044
640, 5.6546875, 113.884375
641, 6.681747269890796, 95.4399375975039
642, 7.057632398753894, 94.67757009345794
643, 6.975116640746501, 85.71073094867808
644, 8.232919254658386, 77.98136645962732
645, 7.910077519379845, 78.67131782945737
646, 7.69969040247678, 84.21362229102168
647, 6.131375579598146, 107.78979907264296
648, 9.595679012345679, 66.8996913580247
649, 4.833590138674884, 131.52080123266563
650, 5.781538461538462, 114.65076923076923
651, 6.182795698924731, 103.17050691244239
652, 8.389570552147239, 80.09815950920246
653, 7.584992343032159, 80.76569678407351
654, 8.093272171253822, 81.81651376146789
655, 6.792366412213741, 94.41068702290076
656, 10.521341463414634, 62.85060975609756
657, 5.627092846270928, 111.54642313546424
658, 5.544072948328267, 115.29331306990882
659, 11.098634294385432, 60.50531107738998
660, 6.295454545454546, 105.03939393939395
661, 7.4856278366111955, 89.0302571860817
662, 6.176737160120846, 111.8987915407855
663, 5.96078431372549, 114.68024132730015
664, 8.524096385542169, 76.15512048192771
665, 9.372932330827068, 71.16842105263157
666, 6.888888888888889, 98.22822822822823
667, 6.553223388305847, 95.3328335832084
668, 8.125748502994012, 80.51047904191617
669, 6.714499252615845, 96.84304932735427
670, 6.085074626865672, 105.33880597014925
671, 8.98956780923994, 67.21609538002981
672, 7.958333333333333, 83.67857142857143
673, 6.515601783060921, 99.4665676077266
674, 6.379821958456973, 102.95697329376854
675, 5.651851851851852, 112.40296296296296
676, 8.199704142011834, 81.64349112426035
677, 7.330871491875923, 91.24519940915805
678, 10.107669616519175, 66.88643067846607
679, 5.693667157584684, 117.47717231222386
680, 6.622058823529412, 104.06470588235294
681, 6.989720998531571, 101.35535976505139
682, 6.029325513196481, 109.7565982404692
683, 6.756954612005856, 107.43484626647145
684, 6.890350877192983, 95.91374269005848
685, 7.181021897810219, 97.4963503649635
686, 8.981049562682216, 75.41690962099125
687, 6.611353711790393, 104.6943231441048
688, 6.633720930232558, 102.35901162790698
689, 7.849056603773585, 91.39622641509433
690, 6.055072463768116, 110.84202898550724
691, 5.756874095513748, 117.55861070911722
692, 12.789017341040463, 53.059248554913296
693, 7.507936507936508, 94.3073593073593
694, 7.796829971181556, 86.29394812680115
695, 11.282014388489209, 65.89640287769784
696, 6.7011494252873565, 102.72270114942529
697, 6.804878048780488, 106.44045911047345
698, 7.217765042979942, 94.24641833810888
699, 6.125894134477825, 108.48068669527898
700, 6.452857142857143, 108.14428571428572
701, 5.788873038516405, 121.88730385164051
702, 5.15954415954416, 125.54415954415954
703, 5.603129445234709, 128.70128022759602
704, 6.605113636363637, 109.44176136363636
705, 6.836879432624113, 96.91205673758866
706, 6.2492917847025495, 113.20821529745042
707, 8.155586987270155, 88.90664780763791
708, 8.134180790960452, 82.31497175141243
709, 5.9125528913963326, 122.84344146685473
710, 9.514084507042254, 75.74366197183099
711, 8.30098452883263, 83.0323488045007
712, 6.299157303370786, 109.4002808988764
713, 6.8457223001402525, 101.5890603085554
714, 6.754901960784314, 102.19047619047619
715, 8.288111888111889, 81.82377622377622
716, 8.018156424581006, 87.12290502793296
717, 8.11576011157601, 88.8926080892608
718, 5.940111420612813, 116.88161559888579
719, 8.326842837273992, 90.89847009735745
720, 5.908333333333333, 114.77083333333333
721, 6.969486823855756, 100.19417475728156
722, 6.011080332409972, 121.26592797783934
723, 6.246196403872752, 117.5615491009682
724, 4.982044198895028, 129.63121546961327
725, 10.175172413793103, 72.21931034482759
726, 6.4986225895316805, 111.73415977961433
727, 8.771664374140302, 81.05502063273728
728, 5.872252747252747, 124.57692307692308
729, 5.4705075445816185, 133.3840877914952
730, 6.072602739726028, 121.33150684931506
731, 7.114911080711354, 99.8467852257182
732, 9.37431693989071, 77.40437158469945
733, 5.296043656207367, 131.5457025920873
734, 9.670299727520437, 75.04223433242507
735, 5.549659863945578, 131.1482993197279
736, 5.75, 130.60190217391303
737, 8.37584803256445, 93.46540027137043
738, 6.686991869918699, 107.90108401084011
739, 7.491204330175913, 96.72395128552097
740, 6.212162162162162, 115.67567567567568
741, 7.707152496626181, 99.17004048582996
742, 6.974393530997305, 108.2533692722372
743, 8.248990578734858, 94.29744279946165
744, 6.271505376344086, 118.30779569892474
745, 5.040268456375839, 151.703355704698
746, 7.580428954423592, 98.10187667560322
747, 6.555555555555555, 115.36947791164658
748, 7.955882352941177, 98.53743315508021
749, 7.057409879839787, 106.3871829105474
750, 7.046666666666667, 108.41333333333333
751, 6.286284953395473, 119.43675099866844
752, 6.3936170212765955, 117.0877659574468
753, 6.53652058432935, 115.70650730411687
754, 6.535809018567639, 118.03050397877985
755, 7.801324503311259, 103.76423841059602
756, 5.677248677248677, 132.20767195767195
757, 6.219286657859974, 116.66974900924703
758, 7.287598944591029, 101.85488126649076
759, 6.5810276679841895, 111.97628458498023
760, 5.742105263157895, 130.80394736842106
761, 5.040735873850197, 149.31274638633377
762, 7.02755905511811, 108.56561679790026
763, 7.301441677588467, 103.50851900393185
764, 5.883507853403142, 125.33769633507853
765, 7.807843137254902, 94.99738562091503
766, 10.83159268929504, 72.29242819843343
767, 7.844850065189048, 95.08604954367667
768, 11.135416666666666, 68.66536458333333
769, 6.143042912873862, 121.7633289986996
770, 6.683116883116883, 112.32077922077922
771, 10.578469520103761, 70.3035019455253
772, 10.246113989637307, 77.01036269430051
773, 6.7322121604139715, 112.98835705045278
774, 5.520671834625323, 139.6627906976744
775, 8.16, 94.77677419354839
776, 6.387886597938144, 120.04896907216495
777, 8.060489060489061, 100.86743886743886
778, 7.098971722365039, 102.57455012853471
779, 6.685494223363286, 119.57509627727856
780, 8.262820512820513, 91.84487179487179
781, 8.286811779769526, 94.9257362355954
782, 6.875959079283888, 114.95012787723785
783, 5.3971902937420175, 137.44316730523627
784, 6.399234693877551, 122.84438775510205
785, 6.952866242038216, 114.68535031847134
786, 7.458015267175573, 104.3295165394402
787, 6.440914866581957, 121.43710292249047
788, 7.114213197969543, 108.16497461928934
789, 6.287705956907478, 129.66032953105196
790, 7.953164556962025, 103.22405063291139
791, 7.558786346396966, 102.9519595448799
792, 7.16919191919192, 113.82702020202021
793, 6.237074401008827, 125.28499369482977
794, 8.253148614609572, 96.19395465994963
795, 6.947169811320754, 112.38993710691824
796, 7.03643216080402, 110.61557788944724
797, 10.299874529485571, 77.06273525721456
798, 6.538847117794486, 120.91979949874687
799, 5.183979974968711, 142.3279098873592
800, 9.02125, 89.9075
801, 6.479400749063671, 120.92134831460675
802, 6.4089775561097255, 121.6072319201995
803, 8.617683686176838, 91.87422166874222
804, 7.274875621890548, 108.75248756218906
805, 8.15527950310559, 104.0472049689441
806, 9.114143920595534, 93.19478908188586
807, 6.31722428748451, 129.93184634448576
808, 7.9504950495049505, 92.89851485148515
809, 11.414091470951792, 70.80964153275649
810, 5.869135802469136, 136.51481481481483
811, 7.435265104808878, 105.11590628853267
812, 6.302955665024631, 123.5
813, 7.011070110701107, 109.96063960639606
814, 6.533169533169533, 127.36363636363636
815, 7.647852760736196, 102.62208588957056
816, 6.799019607843137, 122.99754901960785
817, 6.782129742962057, 117.09424724602204
818, 5.451100244498778, 147.65281173594133
819, 5.90964590964591, 136.78754578754578
820, 6.896341463414634, 121.56829268292682
821, 7.263093788063338, 109.03654080389768
822, 8.223844282238442, 100.81873479318735
823, 6.922235722964763, 119.20048602673147
824, 8.257281553398059, 100.7245145631068
825, 6.627878787878788, 120.97212121212121
826, 8.536319612590798, 96.86198547215497
827, 7.672309552599758, 108.02055622732769
828, 7.809178743961352, 105.60990338164251
829, 7.033775633293124, 112.53437876960193
830, 6.107228915662651, 131.25903614457832
831, 6.197352587244284, 127.41997593261131
832, 9.850961538461538, 84.7920673076923
833, 7.45858343337335, 113.05042016806723
834, 5.510791366906475, 140.1558752997602
835, 7.980838323353294, 104.3437125748503
836, 7.706937799043062, 110.68062200956938
837, 7.001194743130227, 126.20071684587813
838, 5.920047732696897, 142.13723150357995
839, 7.222884386174017, 113.21454112038141
840, 8.882142857142858, 94.48809523809524
841, 5.958382877526754, 138.96789536266348
842, 6.623515439429929, 121.09026128266034
843, 6.514827995255041, 130.5776986951364
844, 6.283175355450237, 133.57701421800948
845, 5.7976331360946745, 140.60710059171598
846, 10.126477541371159, 88.7033096926714
847, 6.2750885478158205, 136.94687131050767
848, 8.076650943396226, 108.94929245283019
849, 5.946996466431095, 140.42520612485276
850, 5.969411764705883, 132.79647058823528
851, 7.473560517038778, 110.08108108108108
852, 6.976525821596244, 125.29342723004694
853, 7.376318874560375, 115.09144196951934
854, 9.0, 94.69555035128806
855, 7.108771929824561, 120.36140350877193
856, 6.3796728971962615, 135.14369158878506
857, 5.543757292882147, 157.4679113185531
858, 12.016317016317016, 68.16433566433567
859, 6.307334109429569, 134.9732246798603
860, 6.6069767441860465, 138.68023255813952
861, 6.583042973286876, 131.43670150987225
862, 10.06032482598608, 91.45823665893272
863, 6.6848203939745074, 133.02085747392815
864, 7.493055555555555, 117.90856481481481
865, 6.538728323699422, 132.5028901734104
866, 6.617782909930716, 130.0623556581986
867, 6.322952710495963, 141.47750865051904
868, 5.98963133640553, 143.14285714285714
869, 6.615650172612198, 129.19562715765247
870, 7.106896551724138, 124.05287356321838
871, 6.540757749712974, 136.66934557979334
872, 6.173165137614679, 144.8566513761468
873, 7.799541809851088, 115.84536082474227
874, 8.545766590389016, 99.98627002288329
875, 7.051428571428572, 123.02514285714285
876, 6.607305936073059, 124.15068493150685
877, 6.244013683010262, 145.49372862029645
878, 7.996583143507973, 105.20956719817768
879, 7.600682593856655, 117.24914675767918
880, 5.355681818181818, 164.86477272727274
881, 7.566401816118048, 115.19409761634506
882, 8.073696145124716, 116.38095238095238
883, 6.091732729331824, 138.30917327293318
884, 8.235294117647058, 107.98190045248869
885, 7.246327683615819, 118.2677966101695
886, 5.378103837471783, 163.76410835214446
887, 5.92446448703495, 142.86471251409245
888, 8.265765765765765, 110.66891891891892
889, 8.694038245219348, 102.84926884139483
890, 6.924719101123595, 130.8179775280899
891, 7.439955106621773, 122.00561167227833
892, 6.449551569506727, 140.80269058295963
893, 6.55431131019037, 138.2609182530795
894, 6.889261744966443, 126.29753914988814
895, 6.894972067039106, 128.72067039106145
896, 7.260044642857143, 124.49776785714286
897, 7.212931995540691, 124.5752508361204
898, 7.041202672605791, 127.33073496659243
899, 5.7530589543937705, 152.74304783092325
900, 5.231111111111111, 165.33777777777777
901, 7.426193118756936, 122.50832408435072
902, 7.034368070953437, 123.6729490022173
903, 6.10077519379845, 156.15836101882613
904, 6.778761061946903, 139.64491150442478
905, 6.409944751381215, 141.53812154696132
906, 8.78476821192053, 103.95805739514348
907, 8.873208379272326, 102.98125689084895
908, 6.181718061674009, 142.01211453744494
909, 7.391639163916391, 120.92959295929593
910, 7.015384615384615, 123.2032967032967
911, 7.139407244785949, 125.50164654226126
912, 6.330043859649122, 136.2642543859649
913, 8.289156626506024, 113.80503833515881
914, 7.850109409190372, 124.56126914660831
915, 6.578142076502732, 138.1912568306011
916, 8.229257641921397, 115.72707423580786
917, 7.887677208287895, 116.70229007633588
918, 7.574074074074074, 126.45424836601308
919, 8.039173014145812, 119.89553862894451
920, 6.452173913043478, 147.54891304347825
921, 5.761129207383279, 150.6015200868621
922, 8.469631236442517, 103.25813449023862
923, 7.4485373781148425, 124.01625135427952
924, 6.57034632034632, 136.8538961038961
925, 7.855135135135135, 113.42162162162163
926, 6.9146868250539955, 129.7375809935205
927, 6.255663430420712, 145.05609492988134
928, 6.993534482758621, 134.75754310344828
929, 7.3283100107642625, 126.82238966630786
930, 7.620430107526881, 127.99032258064516
931, 9.236305048335124, 103.75510204081633
932, 7.386266094420601, 124.87017167381974
933, 9.794212218649518, 90.11468381564845
934, 6.766595289079229, 143.627408993576
935, 11.31764705882353, 85.22994652406418
936, 6.064102564102564, 151.3215811965812
937, 6.833511205976521, 144.51760939167556
938, 6.733475479744136, 138.21215351812367
939, 6.054313099041534, 144.7667731629393
940, 9.317021276595744, 100.29255319148936
941, 5.811902231668438, 158.09670563230605
942, 8.439490445859873, 117.66029723991507
943, 7.93001060445387, 112.87486744432661
944, 6.672669491525424, 147.46610169491527
945, 7.531216931216931, 123.24973544973545
946, 8.970401691331924, 99.74841437632135
947, 7.983104540654699, 116.58500527983105
948, 7.272151898734177, 135.76054852320675
949, 6.927291886195996, 133.97154899894625
950, 7.169473684210526, 127.78210526315789
951, 5.905362776025236, 151.0925341745531
952, 9.559873949579831, 101.20588235294117
953, 6.284365162644281, 155.11332633788038
954, 6.948637316561845, 139.08805031446542
955, 6.78848167539267, 136.24397905759162
956, 8.402719665271967, 112.94979079497908
957, 6.818181818181818, 137.9707419017764
958, 6.366388308977036, 149.93528183716074
959, 6.40354535974974, 155.62565172054224
960, 7.071875, 134.865625
961, 7.336108220603538, 128.4630593132154
962, 8.638253638253639, 108.12577962577963
963, 6.7725856697819315, 146.57009345794393
964, 7.859958506224066, 122.6234439834025
965, 7.069430051813471, 142.1139896373057
966, 8.387163561076605, 115.31780538302277
967, 6.591520165460186, 152.34022750775594
968, 9.40702479338843, 100.22727272727273
969, 5.958720330237358, 159.6955624355005
970, 5.58659793814433, 178.80618556701032
971, 6.935118434603502, 137.3903192584964
972, 6.9639917695473255, 137.96810699588477
973, 6.822199383350463, 143.77389516957862
974, 7.441478439425051, 126.72484599589322
975, 5.894358974358974, 164.54461538461538
976, 7.462090163934426, 132.62295081967213
977, 6.916069600818833, 141.8126919140225
978, 7.7566462167689165, 130.140081799591
979, 6.306435137895812, 154.29111338100103
980, 7.225510204081632, 132.42448979591836
981, 6.870540265035678, 143.85626911314984
982, 6.3818737270875765, 154.9949083503055
983, 6.014242115971515, 157.83112919633774
984, 7.026422764227642, 136.0630081300813
985, 8.332994923857868, 123.66497461928934
986, 6.350912778904665, 151.4918864097363
987, 7.977710233029382, 119.64640324214793
988, 7.034412955465587, 142.72672064777328
989, 6.754297269969666, 140.54196157735086
990, 6.287878787878788, 157.86767676767676
991, 6.803229061553986, 140.99293642785065
992, 6.460685483870968, 147.93850806451613
993, 6.803625377643504, 147.41389728096678
994, 8.520120724346077, 117.42454728370221
995, 6.233165829145729, 154.30854271356785
996, 8.206827309236948, 128.38855421686748
997, 6.3901705115346035, 155.08726178535608
998, 7.741482965931864, 129.6312625250501
999, 9.36136136136136, 107.2072072072072
1000, 8.64, 120.109